1.445000000000000000e+03
2.908982315770274909e+03
6.234895514985340014e+03
1.362447491275463472e+04
2.988885613211100645e+04
6.120974673686013557e+04
1.314810338237098767e+05
2.838030809420567239e+05
5.986801501768208109e+05
1.264613831582772778e+06
2.407603827885787934e+06
4.241043463799028657e+06
7.513991575918717310e+06
1.020273142828417197e+07
1.014926010406675749e+07
9.187958317595325410e+06
9.734824942922409624e+06
9.430829727111669257e+06
1.060883628491324931e+07
9.743757025782538578e+06
9.694982680583130568e+06
1.022030528494050168e+07
9.711874777425885201e+06
9.518577897543163970e+06
