3.087000000000000000e+03
5.300051884136487388e+03
8.364141833478426634e+03
1.434830817566104997e+04
2.379420454717433677e+04
3.747175381789927633e+04
7.007235247838373471e+04
1.191448042960572056e+05
1.936627979486703989e+05
3.302954321441657958e+05
5.525587566739668837e+05
8.880414509322148515e+05
1.403636291224107146e+06
2.555693837828003801e+06
3.690646568087065127e+06
5.545950692213081755e+06
6.803894884642088786e+06
8.520110345240842551e+06
9.853832022005064413e+06
1.019434813937040791e+07
1.053557979664555565e+07
1.090539441373706982e+07
9.030515545187408105e+06
8.876007601941850036e+06
