1.000000000000000000e+03
1.468817660704906075e+03
2.017579498986588078e+03
2.807822531780911959e+03
4.159578846690437786e+03
5.880698294021165566e+03
7.977647380349739251e+03
1.098723896838059773e+04
1.559168925538911935e+04
2.277896386341449397e+04
2.711870345899508538e+04
3.239504050861879296e+04
3.697159702649780229e+04
3.740013541080845607e+04
4.092361000018687628e+04
4.339985608048057475e+04
5.028614014915054577e+04
5.192392262396805745e+04
4.893698814589175890e+04
5.308108029097182589e+04
5.297224903328133951e+04
4.917542023104740656e+04
5.003249399001536221e+04
5.057754776096766727e+04
