1.000000000000000000e+04
1.445972616873103107e+04
1.913164692025323529e+04
2.423872992793029334e+04
2.689768997643496550e+04
3.194575133897906562e+04
3.664034691544817906e+04
4.136091604431195447e+04
4.403835660568071035e+04
4.744496450720749272e+04
4.885757934742394718e+04
4.768715960360729514e+04
5.244480325624215038e+04
5.577337206360235723e+04
6.020029157553811092e+04
5.806840452502922562e+04
5.562384038794387016e+04
5.386160465174215642e+04
5.010826898468551371e+04
5.443973015449089144e+04
5.165225171658780891e+04
4.977481127442520665e+04
5.113506372077924607e+04
5.647891948070894432e+04
