3.087000000000000000e+03
5.261369033119337473e+03
9.819828676868146431e+03
1.714876100486350697e+04
2.793923809669736875e+04
4.639527631232029671e+04
8.648018355830240762e+04
1.520185958185415075e+05
2.632517072410138207e+05
4.351812213613719796e+05
6.918960134612357942e+05
1.141150295393545181e+06
1.624301250215279404e+06
2.678249251672782470e+06
3.944121530165936332e+06
5.678055083365988918e+06
7.215016771531962790e+06
7.861502681726153009e+06
9.231396518042441458e+06
9.422427758837811649e+06
1.010652034210026637e+07
1.029246289131954312e+07
1.082947929832091369e+07
9.832286966664792970e+06
