1.445000000000000000e+03
3.141237371264659032e+03
6.329627245130877782e+03
1.453629517126515566e+04
2.841238570203412019e+04
6.139752082247502403e+04
1.236846261558588158e+05
2.712959463906326564e+05
5.347811828628971707e+05
1.009692212527082884e+06
1.785114942755725468e+06
3.736111128100823611e+06
6.704450116218260489e+06
9.148724496050657704e+06
9.965419405918939039e+06
9.693770400174707174e+06
9.260318335403811187e+06
9.885480503104031086e+06
1.029646417084803991e+07
1.020856986799819395e+07
1.104144917234149575e+07
9.682293284783132374e+06
1.087917868807163462e+07
9.925335403622873127e+06
