1.000000000000000000e+03
2.177773415919360559e+03
4.445762577911789776e+03
8.914565471484709633e+03
1.609584323402365408e+04
3.148972383001651178e+04
6.088830772300926037e+04
1.175807682806257217e+05
2.143973990124373522e+05
3.819898110096636228e+05
6.033158562344416277e+05
7.872858292691546958e+05
9.969824610682423227e+05
1.044056395325284218e+06
1.083371776056681527e+06
9.955334402412991039e+05
9.797465827827565372e+05
9.723329870673593832e+05
9.219698592212587828e+05
1.042730601672142046e+06
9.432212363822440384e+05
9.377148649596651085e+05
9.858779572840891778e+05
1.074093166379599366e+06
