1.000000000000000000e+03
1.713244328642899745e+03
2.744498982111404985e+03
4.449954192719315870e+03
7.662634085384635910e+03
1.252609381010639299e+04
1.945042606158622220e+04
3.014388878500098872e+04
4.674825020831840084e+04
7.100459399993858824e+04
8.106679355740483152e+04
9.023310312420681294e+04
9.412125320282579924e+04
8.772932306957236142e+04
9.236126302921847673e+04
9.396898534753924469e+04
1.053414859097391600e+05
1.029814400099280901e+05
9.463496172828513954e+04
1.032487982402234338e+05
1.012381022782600048e+05
9.352106457228177169e+04
9.657599191111671098e+04
9.782604612172792258e+04
