1.000000000000000000e+03
1.815387338570728616e+03
3.448859562152359558e+03
5.798614394085421736e+03
1.081457619308549329e+04
2.138382413110101697e+04
4.156708370915394335e+04
8.031428400864408468e+04
1.497855815446054912e+05
2.655857511271664989e+05
3.654111780143000069e+05
4.916896544591545826e+05
4.818465593103611609e+05
5.126155904408405186e+05
4.847027436478902819e+05
5.571170635722621810e+05
5.773158879985773237e+05
5.360666743723889813e+05
5.874591089485607808e+05
5.227408577467743889e+05
5.418275414437029976e+05
5.443080766104175709e+05
5.116453254639285151e+05
5.475576806334976573e+05
